51
NULL 0 Common 0
Joined 7 0,255,0,255,0,0,0,0,0,0 Latin 1 0 1 Joined	# Joined [4a 6f 69 6e 65 64 ]a
|Broken|0|1 15 0,255,0,255,0,0,0,0,0,0 Common 2 10 2 |Broken|0|1	# Broken
1 8 0,255,0,255,0,0,0,0,0,0 Common 3 2 3 1	# 1 [31 ]0
0 8 0,255,0,255,0,0,0,0,0,0 Common 4 2 4 0	# 0 [30 ]0
: 16 0,255,0,255,0,0,0,0,0,0 Common 5 6 5 :	# : [3a ]p
4 8 0,255,0,255,0,0,0,0,0,0 Common 6 2 6 4	# 4 [34 ]0
9 8 0,255,0,255,0,0,0,0,0,0 Common 7 2 7 9	# 9 [39 ]0
5 8 0,255,0,255,0,0,0,0,0,0 Common 8 2 8 5	# 5 [35 ]0
3 8 0,255,0,255,0,0,0,0,0,0 Common 9 2 9 3	# 3 [33 ]0
/ 16 0,255,0,255,0,0,0,0,0,0 Common 10 6 10 /	# / [2f ]p
2 8 0,255,0,255,0,0,0,0,0,0 Common 11 2 11 2	# 2 [32 ]0
V 5 0,255,0,255,0,0,0,0,0,0 Latin 12 0 12 V	# V [56 ]A
I 5 0,255,0,255,0,0,0,0,0,0 Latin 47 0 13 I	# I [49 ]A
S 5 0,255,0,255,0,0,0,0,0,0 Latin 38 0 14 S	# S [53 ]A
A 5 0,255,0,255,0,0,0,0,0,0 Latin 32 0 15 A	# A [41 ]A
N 5 0,255,0,255,0,0,0,0,0,0 Latin 16 0 16 N	# N [4e ]A
R 5 0,255,0,255,0,0,0,0,0,0 Latin 46 0 17 R	# R [52 ]A
O 5 0,255,0,255,0,0,0,0,0,0 Latin 30 0 18 O	# O [4f ]A
. 16 0,255,0,255,0,0,0,0,0,0 Common 19 6 19 .	# . [2e ]p
L 5 0,255,0,255,0,0,0,0,0,0 Latin 33 0 20 L	# L [4c ]A
T 5 0,255,0,255,0,0,0,0,0,0 Latin 31 0 21 T	# T [54 ]A
E 5 0,255,0,255,0,0,0,0,0,0 Latin 22 0 22 E	# E [45 ]A
M 5 0,255,0,255,0,0,0,0,0,0 Latin 28 0 23 M	# M [4d ]A
8 8 0,255,0,255,0,0,0,0,0,0 Common 24 2 24 8	# 8 [38 ]0
C 5 0,255,0,255,0,0,0,0,0,0 Latin 25 0 25 C	# C [43 ]A
U 5 0,255,0,255,0,0,0,0,0,0 Latin 37 0 26 U	# U [55 ]A
P 5 0,255,0,255,0,0,0,0,0,0 Latin 29 0 27 P	# P [50 ]A
m 3 0,255,0,255,0,0,0,0,0,0 Latin 23 0 28 m	# m [6d ]a
p 3 0,255,0,255,0,0,0,0,0,0 Latin 27 0 29 p	# p [70 ]a
o 3 0,255,0,255,0,0,0,0,0,0 Latin 18 0 30 o	# o [6f ]a
t 3 0,255,0,255,0,0,0,0,0,0 Latin 21 0 31 t	# t [74 ]a
a 3 0,255,0,255,0,0,0,0,0,0 Latin 15 0 32 a	# a [61 ]a
l 3 0,255,0,255,0,0,0,0,0,0 Latin 20 0 33 l	# l [6c ]a
$ 0 0,255,0,255,0,0,0,0,0,0 Common 34 4 34 $	# $ [24 ]
6 8 0,255,0,255,0,0,0,0,0,0 Common 35 2 35 6	# 6 [36 ]0
, 16 0,255,0,255,0,0,0,0,0,0 Common 36 6 36 ,	# , [2c ]p
u 3 0,255,0,255,0,0,0,0,0,0 Latin 26 0 37 u	# u [75 ]a
s 3 0,255,0,255,0,0,0,0,0,0 Latin 14 0 38 s	# s [73 ]a
( 16 0,255,0,255,0,0,0,0,0,0 Common 39 10 40 (	# ( [28 ]p
) 16 0,255,0,255,0,0,0,0,0,0 Common 40 10 39 )	# ) [29 ]p
B 5 0,255,0,255,0,0,0,0,0,0 Latin 41 0 41 B	# B [42 ]A
D 5 0,255,0,255,0,0,0,0,0,0 Latin 42 0 42 D	# D [44 ]A
7 8 0,255,0,255,0,0,0,0,0,0 Common 43 2 43 7	# 7 [37 ]0
W 5 0,255,0,255,0,0,0,0,0,0 Latin 44 0 44 W	# W [57 ]A
Z 5 0,255,0,255,0,0,0,0,0,0 Latin 48 0 45 Z	# Z [5a ]A
r 3 0,255,0,255,0,0,0,0,0,0 Latin 17 0 46 r	# r [72 ]a
i 3 0,255,0,255,0,0,0,0,0,0 Latin 13 0 47 i	# i [69 ]a
z 3 0,255,0,255,0,0,0,0,0,0 Latin 45 0 48 z	# z [7a ]a
- 16 0,255,0,255,0,0,0,0,0,0 Common 49 3 49 -	# - [2d ]p
X 5 0,255,0,255,0,0,0,0,0,0 Latin 50 0 50 X	# X [58 ]A
